OneRep Patterns, 50
[15, 9, 0, 39, 45, 41, 23, 23, 27, 2, 21, 33, 4, 3, 15, 47, 7, 25, 15, 21, 6, 29, 47, 17, 31, 27, 8, 9, 0, 41, 14, 49, 39, 31, 16, 9, 35, 51, 43, 13, 33, 39, 5, 0, 18, 49, 0, 37, 1]
[39, 39, 3, 0, 13, 7, 1, 31, 6, 15, 45, 29, 13, 8, 31, 0, 19, 10, 3, 13, 35, 35, 5, 35, 29, 49, 33, 27, 43, 11, 3, 47, 0, 5, 11, 21, 0, 25, 11, 12, 1, 9, 18, 25, 23, 15]
[19, 45, 23, 11, 43, 3, 0, 51, 15, 19, 49, 3, 0, 25, 12, 0, 0, 35, 19, 17, 35, 13, 39, 17, 15, 14, 45, 43, 49, 25, 45, 16, 7, 25, 35, 19, 37, 23, 51, 37, 33, 18, 7, 11, 47, 49]
[13, 0, 49, 25, 29, 0, 9, 17, 45, 2, 19, 0, 41, 11, 4, 51, 19, 37, 6, 0, 21, 15, 7, 33, 5, 8, 29, 11, 10, 15, 3, 45, 23, 9, 25, 51, 7, 7, 41, 12, 37, 35, 11, 3, 45, 23, 45, 18]
[47, 0, 31, 0, 17, 51, 2, 21, 51, 17, 4, 17, 27, 13, 5, 23, 0, 6, 41, 0, 19, 47, 33, 17, 8, 9, 45, 10, 17, 12, 29, 33, 1, 23, 29, 1, 17, 21, 9, 14, 9, 23, 9, 51, 47, 7, 1, 7]
[39, 45, 51, 21, 19, 0, 33, 35, 2, 15, 33, 27, 45, 37, 7, 47, 35, 15, 31, 4, 27, 43, 10, 35, 0, 1, 27, 49, 7, 14, 3, 0, 15, 0, 1, 43, 19, 5, 16, 9, 49, 51, 7, 27, 21, 5, 11]
[35, 35, 31, 0, 21, 41, 27, 43, 2, 11, 25, 11, 3, 45, 1, 25, 4, 25, 23, 3, 6, 47, 7, 51, 17, 17, 7, 39, 10, 43, 0, 17, 37, 1, 25, 31, 27, 12, 0, 23, 47, 14, 9, 0, 33, 51, 18, 37, 41]
[37, 0, 0, 45, 37, 1, 19, 25, 3, 23, 15, 37, 2, 17, 23, 9, 47, 29, 5, 15, 4, 43, 0, 19, 5, 9, 5, 6, 23, 25, 19, 8, 13, 10, 45, 41, 41, 39, 14, 0, 13, 31, 16, 41, 41, 45, 18, 19, 21]
[0, 15, 11, 2, 37, 13, 6, 33, 45, 13, 0, 35, 45, 15, 41, 8, 23, 25, 43, 11, 9, 47, 7, 10, 43, 43, 27, 29, 12, 11, 13, 41, 0, 21, 43, 43, 18, 0, 33, 27, 35, 7, 39, 1, 23, 49, 49, 33]
[0, 15, 31, 31, 0, 25, 49, 51, 7, 49, 3, 15, 39, 19, 23, 2, 37, 21, 11, 33, 5, 4, 17, 45, 7, 11, 3, 17, 27, 6, 19, 25, 8, 51, 29, 10, 3, 0, 1, 0, 12, 17, 16, 11, 3, 27, 39, 18, 31]
[0, 39, 39, 23, 9, 49, 21, 19, 37, 6, 19, 5, 8, 37, 43, 3, 19, 25, 43, 31, 37, 10, 29, 9, 39, 7, 12, 25, 49, 41, 27, 41, 37, 21, 31, 14, 33, 0, 25, 0, 18, 0, 1, 23, 9, 49, 29]
[11, 37, 0, 41, 21, 33, 0, 7, 35, 51, 19, 21, 41, 9, 35, 23, 43, 35, 1, 49, 2, 39, 21, 17, 37, 43, 6, 23, 8, 7, 15, 29, 0, 41, 7, 12, 13, 3, 0, 14, 19, 16, 25, 31, 45, 21, 51, 49]
[1, 1, 19, 51, 29, 13, 0, 3, 9, 23, 3, 0, 9, 2, 11, 25, 5, 49, 39, 49, 39, 27, 6, 13, 8, 41, 7, 0, 35, 7, 14, 49, 41, 7, 17, 23, 13, 47, 39, 31, 9, 47, 0, 23, 18, 15, 45]
[47, 21, 7, 21, 0, 39, 0, 25, 0, 13, 4, 49, 51, 9, 6, 5, 1, 47, 1, 0, 9, 5, 8, 31, 5, 41, 41, 10, 25, 7, 12, 11, 21, 47, 14, 9, 7, 45, 35, 25, 16, 15, 5, 23, 23, 1, 3, 49, 18]
[27, 29, 0, 21, 5, 47, 19, 37, 49, 39, 2, 15, 21, 51, 37, 19, 0, 45, 4, 23, 6, 7, 33, 25, 49, 19, 51, 47, 8, 35, 11, 10, 47, 47, 37, 35, 0, 1, 16, 23, 11, 21, 39, 0, 18, 3, 47, 35]
[27, 15, 51, 31, 35, 0, 0, 0, 15, 47, 7, 41, 0, 29, 11, 4, 5, 35, 33, 39, 9, 35, 31, 29, 8, 27, 9, 7, 27, 10, 13, 13, 11, 49, 31, 12, 21, 7, 45, 3, 16, 29, 35, 51, 5, 43, 18, 33]
[51, 23, 0, 19, 37, 7, 43, 31, 15, 27, 45, 0, 17, 41, 9, 35, 7, 7, 0, 33, 51, 47, 31, 15, 2, 49, 51, 4, 27, 21, 8, 33, 49, 12, 17, 17, 14, 45, 27, 49, 16, 23, 18, 7, 0, 21, 51, 11]
[13, 21, 0, 43, 35, 4, 25, 3, 23, 1, 6, 49, 0, 29, 47, 8, 43, 39, 49, 37, 5, 10, 45, 41, 3, 9, 43, 12, 31, 45, 27, 16, 47, 41, 18, 13, 49, 0, 27, 23, 1, 31, 0, 9, 49, 5, 19, 49]
[45, 23, 49, 19, 9, 0, 33, 5, 7, 2, 11, 4, 15, 21, 0, 0, 45, 29, 17, 43, 5, 13, 29, 21, 45, 39, 15, 43, 0, 43, 12, 47, 14, 47, 21, 16, 27, 17, 17, 13, 25, 45, 15, 51, 18, 35, 25, 13]
[35, 31, 3, 0, 45, 37, 0, 13, 2, 39, 49, 51, 1, 6, 47, 35, 11, 13, 1, 8, 43, 10, 31, 41, 29, 7, 19, 12, 45, 0, 43, 23, 14, 35, 0, 29, 45, 13, 9, 23, 35, 35, 16, 11, 3, 49, 18, 37, 17]
[19, 0, 37, 4, 31, 45, 3, 15, 45, 11, 45, 27, 33, 0, 29, 33, 6, 31, 45, 15, 45, 21, 45, 5, 8, 0, 29, 5, 0, 11, 10, 37, 1, 39, 12, 9, 45, 14, 17, 31, 15, 5, 35, 13, 51, 31, 13, 18]
[45, 3, 37, 27, 49, 45, 29, 0, 3, 33, 29, 4, 5, 0, 6, 11, 0, 5, 45, 25, 13, 1, 10, 37, 5, 11, 15, 14, 35, 27, 37, 11, 35, 19, 39, 13, 9, 16, 21, 31, 37, 0, 15, 18, 7, 51, 29]
[25, 0, 27, 0, 7, 0, 35, 35, 4, 27, 15, 43, 45, 37, 6, 33, 29, 8, 17, 10, 43, 21, 1, 12, 41, 5, 35, 17, 45, 14, 5, 45, 37, 45, 11, 49, 16, 13, 25, 0, 37, 29, 29, 7, 25, 33, 3, 43]
[39, 29, 0, 51, 0, 31, 25, 29, 37, 51, 29, 11, 2, 0, 21, 37, 27, 25, 51, 1, 27, 33, 4, 45, 25, 6, 33, 1, 1, 39, 3, 1, 9, 8, 25, 43, 0, 12, 47, 21, 1, 51, 13, 14, 7, 18, 29, 9]
[13, 0, 13, 1, 19, 45, 49, 0, 7, 4, 27, 23, 11, 45, 6, 0, 19, 8, 49, 17, 27, 49, 23, 1, 31, 41, 25, 29, 45, 13, 7, 39, 10, 0, 27, 12, 37, 3, 13, 45, 14, 5, 3, 16, 5, 15, 29, 19, 11]
[35, 19, 0, 5, 37, 21, 2, 19, 4, 7, 1, 33, 5, 21, 37, 15, 9, 0, 39, 6, 29, 7, 49, 29, 0, 43, 7, 0, 45, 27, 13, 37, 11, 11, 23, 10, 29, 12, 41, 21, 37, 47, 47, 37, 16, 17, 51, 18]
[23, 0, 45, 15, 47, 33, 31, 11, 2, 47, 6, 39, 11, 10, 9, 33, 35, 23, 12, 47, 35, 37, 19, 11, 14, 35, 37, 31, 49, 9, 0, 13, 0, 11, 51, 31, 23, 15, 45, 35, 43, 21, 0, 18, 13, 21, 41]
[0, 9, 2, 13, 11, 4, 15, 29, 39, 31, 35, 6, 19, 31, 15, 9, 7, 29, 8, 35, 10, 5, 14, 25, 16, 7, 33, 0, 21, 11, 47, 18, 51, 51, 0, 3, 45, 3, 33, 29, 19, 51, 11, 7, 1, 0, 35, 19, 43]
[35, 9, 41, 0, 49, 23, 2, 37, 7, 21, 9, 5, 43, 37, 5, 45, 4, 27, 6, 41, 23, 25, 19, 21, 49, 35, 9, 8, 51, 0, 45, 25, 10, 11, 12, 15, 15, 3, 49, 0, 0, 11, 16, 27, 39, 11, 45, 18, 15]
[0, 35, 31, 4, 21, 9, 6, 25, 41, 19, 41, 17, 8, 33, 13, 21, 10, 47, 12, 0, 0, 47, 14, 19, 51, 47, 15, 13, 37, 0, 11, 13, 27, 11, 49, 16, 21, 17, 17, 51, 51, 25, 3, 33, 18, 31, 39, 31, 1]
[0, 21, 51, 25, 41, 39, 29, 1, 29, 47, 2, 17, 0, 27, 39, 29, 19, 21, 4, 41, 49, 25, 51, 29, 1, 0, 37, 1, 41, 21, 33, 6, 29, 27, 8, 25, 10, 1, 49, 1, 9, 29, 16, 17, 18, 0, 17, 27]
[27, 21, 7, 41, 1, 29, 17, 39, 5, 17, 0, 33, 47, 37, 15, 49, 0, 21, 0, 11, 6, 45, 27, 39, 45, 19, 9, 47, 43, 41, 31, 0, 27, 21, 19, 9, 10, 11, 14, 29, 41, 35, 9, 35, 18, 33, 9]
[3, 33, 3, 17, 13, 3, 43, 0, 43, 51, 19, 13, 45, 17, 2, 23, 41, 8, 33, 0, 11, 11, 0, 41, 3, 33, 10, 21, 19, 12, 3, 11, 27, 47, 19, 45, 25, 15, 25, 17, 7, 18, 49, 37, 0, 45]
[47, 0, 43, 31, 0, 35, 2, 51, 29, 9, 10, 37, 21, 31, 13, 1, 33, 21, 15, 35, 3, 11, 43, 39, 11, 0, 16, 13, 15, 39, 43, 41, 1, 19, 41, 43, 49, 13, 51, 18, 23, 39, 15, 15, 21]
[0, 0, 9, 0, 15, 4, 51, 29, 41, 13, 6, 7, 15, 23, 5, 7, 3, 51, 51, 47, 49, 49, 13, 31, 1, 21, 1, 27, 10, 33, 39, 1, 17, 21, 33, 41, 13, 21, 19, 14, 17, 25, 51, 16, 33, 43, 29, 0]
[47, 11, 1, 0, 9, 21, 37, 29, 17, 35, 19, 45, 43, 1, 39, 0, 39, 49, 2, 9, 7, 0, 4, 21, 7, 27, 9, 21, 17, 6, 17, 8, 51, 23, 37, 15, 0, 7, 33, 15, 31, 43, 10, 51, 12, 47, 14, 47, 18]
[51, 0, 25, 21, 5, 35, 47, 2, 9, 33, 21, 1, 41, 37, 9, 9, 6, 9, 43, 31, 8, 41, 0, 9, 27, 3, 17, 0, 14, 11, 49, 35, 21, 16, 31, 31, 51, 9, 18, 41, 39, 43, 3, 9, 19, 35, 49, 0]
[37, 51, 47, 37, 11, 19, 41, 3, 29, 17, 51, 23, 35, 27, 9, 29, 0, 49, 0, 39, 5, 6, 3, 21, 39, 19, 23, 47, 0, 10, 51, 12, 37, 27, 27, 13, 11, 13, 19, 39, 0, 14, 45, 16, 9, 41]
[0, 1, 1, 2, 21, 37, 4, 17, 3, 1, 33, 5, 15, 15, 6, 25, 35, 8, 7, 0, 49, 9, 9, 43, 49, 47, 25, 10, 15, 25, 21, 11, 41, 14, 23, 31, 3, 39, 29, 5, 25, 0, 45, 0, 16, 9, 18, 21, 43]
[0, 13, 43, 4, 23, 49, 5, 51, 27, 19, 6, 31, 0, 9, 0, 11, 7, 12, 11, 35, 25, 31, 15, 43, 23, 39, 0, 14, 27, 37, 19, 43, 1, 45, 17, 35, 27, 33, 35, 19, 25, 16, 19, 41, 31, 18, 23, 39]
[23, 17, 23, 11, 19, 27, 29, 0, 11, 29, 0, 17, 2, 49, 4, 0, 6, 19, 47, 29, 27, 8, 25, 10, 17, 21, 12, 3, 14, 25, 25, 5, 47, 21, 27, 23, 49, 1, 49, 16, 39, 49, 11, 3, 19, 19, 5, 33, 17, 18]
[41, 0, 27, 37, 45, 51, 7, 11, 25, 4, 43, 11, 11, 6, 41, 39, 49, 8, 39, 23, 45, 27, 19, 10, 19, 17, 13, 47, 3, 25, 27, 15, 13, 0, 13, 25, 3, 33, 25, 12, 9, 14, 25, 51, 0, 39, 17, 0]
[29, 0, 45, 47, 15, 25, 15, 9, 23, 11, 33, 9, 2, 0, 1, 27, 13, 27, 4, 5, 15, 3, 0, 15, 37, 0, 49, 5, 21, 9, 41, 51, 15, 45, 10, 9, 12, 49, 47, 39, 11, 45, 35, 41, 14, 25, 35]
[0, 7, 1, 43, 37, 9, 23, 47, 1, 51, 7, 15, 43, 45, 7, 2, 1, 3, 0, 11, 37, 9, 6, 37, 11, 31, 3, 27, 49, 13, 49, 41, 45, 27, 8, 41, 14, 47, 1, 19, 29, 16, 19, 18, 0, 0, 39]
[37, 0, 23, 13, 2, 47, 51, 4, 35, 29, 23, 15, 6, 37, 41, 19, 17, 51, 27, 43, 8, 35, 3, 41, 25, 0, 25, 5, 0, 39, 31, 49, 45, 29, 37, 15, 29, 33, 27, 12, 27, 21, 35, 14, 27, 21, 45, 0, 49]
[9, 0, 17, 17, 23, 2, 39, 41, 33, 21, 25, 9, 3, 15, 15, 15, 25, 33, 11, 25, 41, 4, 13, 0, 43, 35, 9, 11, 6, 49, 47, 25, 8, 35, 10, 13, 31, 37, 0, 51, 0, 14, 21, 43, 16, 29, 37, 11, 45]
[13, 5, 17, 0, 11, 0, 19, 37, 5, 7, 27, 4, 47, 9, 6, 0, 31, 1, 8, 43, 35, 17, 0, 51, 10, 25, 11, 11, 49, 51, 19, 19, 25, 33, 12, 23, 29, 16, 49, 49, 9, 39, 21, 31, 27, 13, 18, 41]
[35, 51, 49, 0, 17, 37, 0, 3, 17, 6, 3, 35, 19, 8, 11, 51, 23, 39, 51, 3, 0, 10, 23, 47, 12, 39, 9, 17, 9, 21, 7, 33, 15, 35, 0, 9, 31, 13, 49, 37, 7, 14, 11, 49, 15, 19]
[0, 0, 17, 41, 47, 43, 5, 23, 2, 47, 33, 45, 9, 0, 11, 4, 17, 9, 43, 6, 19, 27, 17, 47, 27, 43, 49, 10, 45, 13, 45, 31, 5, 15, 21, 43, 14, 13, 9, 43, 0, 47, 16, 25, 11, 29, 13, 18]
[25, 49, 21, 21, 41, 11, 19, 0, 37, 0, 17, 35, 47, 23, 35, 2, 21, 1, 9, 19, 15, 0, 4, 0, 25, 17, 8, 27, 41, 37, 25, 27, 1, 1, 10, 29, 12, 37, 37, 39, 5, 35, 3, 14, 5, 18, 15, 25]
