learnAndCheck one repeated: one pattern, a learned from it, the number ob matches words form the sample of size: 50, took 118.175 seconds
([0, 31, 0, 13, 2, 29, 4, 6, 21, 29, 23, 0, 45, 37, 15, 8, 27, 11, 31, 10, 12, 14, 0, 16, 0, 41, 11, 27, 11, 37], [0, 31, 0, 13, 2, 5, 4, 5, 6, 0, 8, 0, 10, 12, 14, 16, 18, 20, 22, 24, 26, 28, 30, 32, 34, 36, 38, 40, 42, 44, 46, 48, 50, 52, 54, 56, 58, 60, 62, 64, 37], 50)
([23, 0, 2, 0, 39, 35, 4, 0, 0, 8, 1, 51, 49, 0, 37, 19, 12, 14, 9, 19, 37, 1, 49, 27, 16, 18, 3, 13, 27, 0], [23, 0, 1, 2, 3, 4, 6, 4, 4, 8, 4, 10, 12, 14, 16, 18, 20, 22, 24, 26, 28, 30, 32, 34, 36, 38, 40, 42, 44, 46, 48, 50, 52, 54, 56, 58, 60, 62, 64, 66], 49)
([0, 2, 39, 0, 31, 49, 43, 4, 6, 0, 11, 17, 0, 45, 0, 27, 35, 8, 0, 43, 5, 15, 12, 7, 17, 11, 35, 14, 16, 18], [0, 1, 2, 5, 4, 6, 4, 5, 8, 10, 12, 14, 16, 18, 20, 22, 24, 26, 28, 30, 32, 34, 36, 38, 40, 42, 44, 46, 48, 50, 52, 54, 56, 58, 60, 62, 64, 66, 68, 70, 72, 74], 48)
([0, 1, 0, 0, 2, 0, 51, 27, 3, 23, 5, 11, 33, 11, 6, 8, 5, 10, 35, 12, 51, 33, 11, 1, 19, 0, 0, 5, 15, 18], [0, 1, 0, 0, 2, 5, 4, 0, 0, 6, 8, 10, 12, 14, 16, 18, 20, 22, 24, 26, 28, 30, 32, 34, 36, 38, 40, 42, 44, 46, 48, 50, 52, 54, 56], 50)
([0, 0, 2, 4, 45, 43, 17, 6, 0, 11, 11, 0, 17, 13, 29, 0, 17, 7, 11, 35, 19, 23, 12, 14, 19, 0, 5, 16, 18, 35], [0, 3, 2, 3, 4, 3, 6, 8, 10, 3, 12, 14, 16, 18, 20, 22, 24, 26, 28, 30, 32, 34, 36, 38, 40, 42, 44, 46, 48, 50, 52, 54, 56, 58, 60, 62, 64, 66, 68, 70, 35], 45)
([0, 21, 0, 0, 0, 6, 7, 17, 0, 49, 10, 12, 47, 1, 14, 19, 16, 13, 13, 11, 27, 41, 0, 51, 17, 29, 33, 41, 51, 18], [0, 21, 0, 0, 0, 2, 7, 17, 0, 49, 4, 0, 6, 8, 10, 12, 14, 16, 18, 20, 22, 24, 26, 28, 30, 32, 34, 36, 38, 40, 42, 44], 50)
([0, 19, 15, 0, 17, 2, 4, 7, 3, 0, 1, 6, 27, 31, 8, 10, 0, 23, 0, 14, 39, 45, 9, 16, 18, 35, 3, 41, 0, 23], [0, 19, 15, 0, 17, 2, 1, 3, 4, 0, 6, 8, 10, 12, 14, 16, 18, 20, 22, 24, 26, 28, 30, 32, 34, 36, 38, 40, 42, 44, 46, 48, 50, 52, 54, 56, 58, 23], 49)
([39, 17, 23, 15, 0, 0, 23, 13, 0, 37, 25, 0, 47, 4, 6, 33, 49, 35, 21, 8, 10, 11, 13, 12, 14, 45, 16, 18, 0, 0], [39, 17, 23, 15, 0, 1, 2, 13, 4, 6, 4, 8, 10, 3, 12, 14, 16, 18, 20, 22, 24, 26, 28, 30, 32, 34, 36, 38, 40, 42, 44, 46, 48, 50, 52, 54, 56, 58, 60, 62, 64, 66], 50)
([51, 17, 0, 0, 2, 11, 4, 31, 0, 29, 6, 8, 35, 49, 39, 47, 49, 31, 0, 0, 14, 39, 25, 11, 39, 3, 16, 35, 18, 15], [51, 17, 0, 1, 2, 11, 4, 6, 1, 8, 10, 12, 14, 16, 18, 20, 22, 24, 26, 28, 30, 32, 34, 36, 38, 40, 42, 44, 46, 48, 50, 52, 54, 56, 15], 49)
([39, 1, 37, 0, 19, 0, 25, 23, 2, 31, 4, 6, 0, 10, 23, 12, 15, 23, 35, 0, 0, 0, 14, 16, 39, 41, 18, 13, 45, 51], [39, 1, 37, 0, 19, 0, 25, 23, 2, 5, 4, 0, 0, 0, 6, 8, 10, 12, 14, 16, 18, 20, 22, 24, 26, 28, 30, 32, 34, 36, 38, 40, 42, 44, 46, 48, 50, 52, 54, 51], 49)
