learnAndCheck one repeated: one pattern, a learned from it, the number ob matches words form the sample of size: 50
([23, 19, 0, 2, 4, 0, 6, 11, 0, 8, 7, 5, 35, 0, 37, 1, 3, 11, 0, 15, 0, 21, 14, 27, 51, 17, 35, 16, 18, 7], [23, 19, 0, 5, 2, 1, 4, 5, 6, 3, 8, 10, 12, 14, 16, 18, 20, 22, 24, 26, 28, 30, 32, 34, 36, 38, 40, 42, 44, 46, 48, 50, 52, 54, 56, 58, 7], 50)
([0, 33, 43, 35, 19, 47, 0, 3, 19, 47, 2, 0, 4, 37, 6, 8, 47, 0, 0, 3, 25, 10, 51, 19, 0, 3, 25, 14, 16, 18], [0, 33, 43, 35, 19, 47, 2, 3, 19, 47, 4, 3, 6, 3, 8, 3, 10, 12, 5, 14, 16, 18, 20, 22, 24, 26, 28, 30, 32, 34, 36, 38, 40, 42, 44, 46, 48, 50, 52, 54, 56], 50)
([47, 0, 49, 2, 19, 4, 39, 0, 47, 31, 51, 0, 49, 21, 8, 35, 31, 10, 31, 17, 11, 12, 0, 0, 11, 27, 27, 35, 0, 18], [47, 0, 49, 2, 1, 4, 1, 6, 1, 8, 5, 10, 12, 14, 16, 18, 20, 22, 24, 26, 28, 30, 32, 34, 36, 38, 40, 42, 44, 46, 48, 50, 52, 54, 56, 58, 60], 46)
([17, 0, 5, 23, 43, 2, 4, 0, 0, 6, 9, 8, 19, 47, 27, 39, 10, 12, 21, 14, 29, 0, 37, 49, 16, 7, 39, 0, 0, 49], [17, 0, 5, 23, 43, 2, 1, 4, 5, 6, 5, 8, 3, 10, 12, 1, 14, 16, 18, 20, 22, 24, 26, 28, 30, 32, 34, 36, 38, 40, 42, 44, 46, 48, 50, 52, 54, 56, 58, 60, 49], 48)
([27, 0, 2, 0, 11, 6, 35, 15, 8, 0, 47, 1, 0, 10, 43, 19, 3, 12, 29, 45, 21, 14, 27, 16, 39, 18, 9, 0, 0, 27], [27, 0, 5, 2, 4, 6, 1, 8, 1, 10, 12, 14, 16, 18, 20, 22, 24, 26, 28, 30, 32, 34, 36, 38, 40, 42, 44, 46, 48, 50, 52, 54, 56, 58, 60, 62, 64, 66, 68, 27], 50)
([31, 25, 0, 47, 29, 2, 43, 0, 37, 39, 6, 13, 8, 27, 51, 0, 0, 29, 10, 41, 0, 14, 21, 3, 39, 16, 0, 39, 18, 29], [31, 25, 0, 47, 29, 2, 3, 4, 1, 6, 8, 3, 10, 39, 12, 14, 16, 18, 20, 22, 24, 26, 28, 30, 32, 34, 36, 38, 40, 42, 44, 46, 48, 50, 52, 54, 56, 58, 60, 62, 29], 50)
([23, 49, 19, 9, 5, 19, 0, 49, 0, 43, 9, 2, 4, 25, 6, 41, 8, 7, 19, 0, 0, 47, 37, 43, 0, 12, 13, 14, 16, 0], [23, 49, 19, 9, 5, 19, 0, 49, 2, 43, 9, 4, 1, 6, 3, 8, 10, 12, 14, 16, 18, 20, 22, 24, 26, 28, 30, 32, 34, 36, 38, 40, 42, 44, 46, 48, 50, 52, 54], 50)
([21, 0, 0, 0, 25, 17, 2, 0, 4, 19, 6, 0, 29, 8, 15, 10, 12, 41, 41, 14, 31, 0, 39, 25, 43, 5, 16, 51, 31, 18], [21, 0, 1, 2, 25, 4, 6, 8, 5, 10, 12, 14, 16, 18, 20, 22, 24, 26, 28, 30, 32, 34, 36, 38, 40, 42, 44, 46, 48, 50, 52, 54, 56, 58, 60, 62, 64, 66, 68, 70, 72, 74, 76, 78, 80, 82], 45)
([41, 11, 25, 0, 35, 0, 2, 4, 0, 29, 27, 51, 6, 43, 7, 8, 0, 10, 31, 0, 14, 11, 5, 27, 49, 16, 0, 41, 9, 18], [41, 11, 25, 0, 35, 2, 1, 4, 1, 6, 3, 8, 10, 27, 12, 14, 16, 18, 20, 22, 24, 26, 28, 30, 32, 34, 36, 38, 40, 42, 44, 46, 48, 50, 52, 54, 56, 58, 60, 62], 50)
([11, 0, 37, 19, 25, 2, 37, 4, 0, 6, 0, 43, 11, 11, 0, 33, 15, 8, 10, 45, 35, 12, 35, 15, 14, 7, 15, 47, 0, 18], [11, 0, 37, 19, 25, 2, 5, 4, 5, 6, 1, 8, 1, 10, 12, 14, 16, 18, 20, 22, 24, 26, 28, 30, 32, 34, 36, 38, 40, 42, 44, 46, 48, 50, 52, 54, 56, 58, 60, 62, 64, 66], 49)
