learnAndCheck: one pattern, a learned from it, the number ob matches words form the sample of size: 50
([11, 0, 2, 13, 43, 25, 49, 4, 11, 35, 35, 1, 49, 37, 43, 13, 47, 6, 8, 35], [11, 0, 3, 2, 4, 6, 8, 10, 12, 14, 16, 18, 20, 22, 24, 26, 28, 30, 32, 34, 36, 35], 50)
([49, 33, 25, 1, 17, 25, 0, 35, 9, 41, 29, 2, 43, 39, 4, 6, 8, 15, 15, 31], [49, 33, 25, 1, 17, 25, 0, 35, 9, 41, 29, 2, 4, 6, 8, 10, 12, 14, 16, 18, 20, 15, 22, 31], 48)
([35, 7, 23, 21, 41, 21, 0, 15, 29, 2, 4, 11, 35, 6, 9, 7, 9, 19, 8, 39], [35, 7, 23, 21, 41, 21, 0, 1, 2, 4, 5, 6, 8, 10, 12, 14, 16, 18, 20, 22, 24, 26, 28, 30, 39], 48)
([0, 13, 3, 1, 35, 39, 23, 2, 3, 7, 29, 17, 19, 5, 4, 41, 15, 3, 6, 8], [0, 13, 3, 1, 35, 39, 23, 2, 3, 7, 29, 17, 19, 5, 4, 6, 8, 10, 12, 14, 16, 18, 20], 50)
([37, 0, 3, 13, 2, 43, 17, 4, 13, 6, 23, 19, 9, 51, 3, 21, 1, 1, 8, 41], [37, 0, 3, 13, 2, 4, 6, 8, 3, 10, 1, 12, 14, 16, 18, 20, 22, 24, 26, 28, 30, 32, 41], 50)
([1, 17, 0, 21, 35, 9, 2, 35, 7, 29, 4, 13, 47, 41, 6, 1, 9, 8, 29, 35], [1, 17, 0, 21, 35, 9, 2, 35, 7, 29, 4, 13, 47, 41, 6, 8, 10, 12, 14, 16, 18, 20, 22, 35], 50)
([29, 0, 2, 35, 17, 25, 4, 43, 7, 23, 6, 45, 49, 37, 39, 39, 41, 19, 31, 8], [29, 0, 5, 2, 4, 6, 8, 10, 12, 14, 16, 18, 20, 22, 24, 26, 28, 30, 32, 34, 36, 38, 40], 49)
([0, 23, 19, 33, 35, 13, 27, 21, 2, 39, 37, 11, 4, 6, 39, 11, 21, 49, 8, 21], [0, 2, 5, 4, 6, 8, 10, 12, 14, 21, 16, 18, 20, 22, 24, 26, 28, 30, 32, 34, 36, 38, 40, 42, 21], 49)
([33, 1, 25, 13, 9, 41, 45, 11, 21, 41, 7, 0, 2, 7, 45, 21, 4, 6, 8, 15], [33, 1, 25, 13, 9, 41, 45, 11, 21, 41, 7, 0, 5, 2, 4, 6, 8, 10, 12, 14, 15], 50)
([0, 2, 43, 35, 29, 23, 33, 7, 9, 9, 9, 9, 4, 47, 51, 9, 6, 5, 13, 8], [0, 3, 2, 4, 6, 8, 10, 12, 14, 16, 18, 20, 22, 24, 26, 28, 30, 32, 34, 36, 38, 40, 42], 50)
([0, 21, 47, 23, 19, 51, 49, 7, 5, 2, 33, 39, 27, 15, 1, 49, 51, 4, 6, 8], [0, 21, 47, 23, 19, 51, 49, 7, 5, 2, 33, 39, 27, 15, 1, 49, 51, 4, 6, 8, 10, 12, 14, 16], 50)
([0, 33, 21, 37, 3, 7, 27, 2, 31, 51, 4, 15, 43, 29, 3, 23, 6, 8, 51, 49], [0, 3, 2, 4, 6, 3, 8, 10, 12, 14, 16, 51, 18, 20, 22, 24, 26, 28, 30, 32, 34, 49], 49)
([5, 0, 45, 2, 7, 13, 7, 51, 4, 31, 6, 23, 41, 51, 51, 9, 31, 7, 43, 8], [5, 0, 45, 2, 4, 7, 6, 7, 8, 10, 12, 14, 16, 18, 20, 22, 24, 26, 28, 30, 32, 34], 50)
([37, 0, 37, 23, 25, 35, 2, 5, 17, 1, 29, 41, 33, 19, 25, 4, 13, 6, 41, 8], [37, 0, 2, 4, 5, 6, 8, 10, 25, 12, 14, 16, 18, 20, 22, 24, 26, 28, 30, 32, 34, 36, 38, 40, 42], 50)
([51, 0, 19, 1, 51, 31, 9, 19, 35, 2, 51, 23, 4, 27, 19, 41, 6, 39, 15, 8], [51, 0, 19, 1, 51, 31, 9, 19, 35, 2, 51, 23, 4, 6, 8, 10, 12, 14, 16, 18, 20, 22, 24, 26], 50)
([47, 31, 0, 13, 9, 37, 19, 33, 3, 2, 3, 49, 37, 47, 7, 4, 6, 8, 1, 39], [47, 31, 0, 3, 2, 4, 37, 6, 8, 3, 10, 12, 14, 16, 18, 20, 22, 24, 26, 28, 30, 39], 49)
([21, 43, 49, 0, 35, 2, 41, 4, 3, 25, 15, 29, 6, 27, 19, 45, 45, 35, 9, 8], [21, 43, 49, 0, 35, 2, 41, 4, 3, 25, 15, 29, 6, 8, 10, 12, 14, 16, 18, 20, 22, 24], 50)
([27, 0, 49, 2, 4, 39, 47, 15, 31, 6, 3, 1, 9, 5, 45, 35, 19, 8, 5, 47], [27, 0, 5, 2, 1, 4, 1, 6, 8, 10, 12, 14, 16, 18, 20, 22, 24, 26, 28, 30, 32, 34, 47], 49)
([11, 41, 13, 37, 29, 33, 0, 35, 49, 21, 2, 4, 6, 3, 1, 39, 43, 17, 1, 8], [11, 41, 13, 37, 29, 33, 0, 35, 49, 21, 2, 4, 1, 6, 1, 8, 10, 12, 14, 16], 50)
([9, 0, 19, 29, 35, 27, 2, 21, 39, 15, 45, 11, 1, 35, 29, 4, 29, 23, 6, 8], [9, 0, 19, 29, 35, 27, 2, 4, 6, 8, 10, 12, 14, 16, 18, 29, 20, 22, 24, 26, 28], 50)
([0, 43, 45, 35, 11, 17, 2, 4, 49, 3, 6, 8, 3, 25, 17, 37, 43, 25, 39, 23], [0, 43, 45, 35, 11, 17, 2, 4, 49, 3, 6, 8, 10, 12, 14, 16, 25, 18, 20, 22, 24, 26, 23], 50)
([11, 0, 15, 2, 7, 4, 5, 6, 29, 7, 41, 37, 1, 51, 9, 15, 49, 8, 25, 49], [11, 0, 15, 2, 5, 4, 7, 6, 1, 8, 10, 12, 14, 16, 18, 20, 22, 24, 26, 28, 30, 32, 49], 50)
([9, 0, 39, 2, 9, 27, 4, 51, 6, 31, 7, 29, 3, 49, 8, 5, 51, 35, 43, 1], [9, 0, 1, 2, 4, 6, 8, 10, 12, 14, 16, 18, 20, 22, 24, 26, 28, 30, 32, 34, 36, 38, 40, 1], 50)
([43, 39, 23, 0, 23, 41, 45, 2, 9, 21, 4, 51, 3, 49, 6, 37, 8, 35, 21, 15], [43, 39, 23, 0, 23, 41, 45, 2, 4, 3, 6, 21, 8, 10, 12, 14, 16, 18, 20, 22, 24, 26, 28, 15], 50)
([19, 13, 0, 7, 19, 23, 35, 15, 5, 2, 1, 11, 25, 27, 4, 13, 6, 15, 8, 45], [19, 13, 0, 2, 5, 4, 6, 8, 10, 15, 12, 14, 16, 18, 20, 22, 24, 26, 28, 30, 32, 34, 36, 45], 50)
([29, 49, 29, 51, 9, 39, 0, 2, 11, 7, 27, 33, 4, 6, 8, 7, 5, 9, 33, 23], [29, 49, 29, 51, 9, 39, 0, 5, 2, 4, 7, 6, 33, 8, 10, 12, 14, 16, 18, 20, 22, 24, 26, 23], 49)
([0, 2, 3, 7, 4, 37, 21, 23, 6, 17, 8, 47, 7, 29, 29, 43, 15, 37, 43, 35], [0, 1, 2, 7, 4, 37, 6, 8, 10, 12, 14, 16, 18, 20, 22, 24, 26, 28, 30, 32, 34, 36, 38, 35], 49)
([0, 2, 4, 6, 25, 41, 8, 51, 33, 21, 17, 45, 25, 3, 11, 27, 29, 9, 21, 21], [0, 2, 3, 4, 6, 3, 8, 10, 12, 14, 16, 18, 20, 22, 24, 26, 28, 30, 32, 34, 36, 38, 40, 21], 50)
([31, 15, 0, 3, 1, 2, 7, 7, 11, 4, 21, 6, 19, 8, 7, 17, 5, 9, 35, 47], [31, 15, 0, 3, 1, 2, 7, 7, 11, 4, 21, 6, 8, 10, 5, 12, 14, 16, 18, 20, 47], 50)
([11, 0, 2, 4, 21, 31, 15, 23, 25, 17, 39, 6, 8, 9, 41, 31, 47, 41, 27, 7], [11, 0, 5, 2, 4, 6, 8, 10, 12, 14, 16, 18, 20, 22, 24, 26, 28, 30, 32, 34, 36, 38, 40, 7], 50)
([0, 9, 13, 3, 2, 43, 29, 4, 6, 8, 27, 15, 21, 5, 33, 31, 33, 3, 45, 5], [0, 1, 2, 4, 3, 6, 8, 10, 12, 14, 16, 18, 20, 22, 24, 26, 28, 30, 32, 34, 36, 38, 5], 50)
([5, 47, 7, 17, 39, 17, 0, 19, 37, 2, 33, 39, 19, 27, 4, 17, 6, 3, 11, 8], [5, 47, 7, 17, 39, 17, 0, 19, 37, 2, 3, 4, 6, 8, 10, 12, 14, 16, 18, 20, 22, 24, 26, 28], 50)
([5, 35, 15, 0, 31, 39, 17, 49, 51, 9, 2, 51, 1, 39, 31, 4, 5, 35, 6, 8], [5, 35, 15, 0, 3, 2, 4, 6, 8, 10, 12, 14, 16, 18, 20, 22, 24, 26, 28, 30, 32, 34, 36], 50)
([35, 0, 2, 49, 4, 41, 37, 37, 6, 8, 41, 31, 11, 37, 33, 45, 47, 45, 47, 49], [35, 0, 5, 2, 4, 6, 8, 49, 10, 12, 14, 16, 18, 20, 22, 24, 26, 28, 30, 32, 34, 36, 38, 49], 50)
([11, 0, 11, 45, 47, 23, 23, 45, 1, 23, 23, 2, 4, 43, 7, 25, 6, 45, 8, 1], [11, 0, 11, 45, 47, 23, 23, 45, 1, 23, 23, 2, 1, 4, 6, 8, 10, 12, 14, 16, 18, 20, 1], 50)
([21, 33, 0, 33, 5, 51, 2, 29, 9, 5, 4, 6, 29, 33, 31, 7, 15, 23, 8, 23], [21, 33, 0, 33, 5, 51, 2, 4, 29, 6, 8, 10, 12, 14, 16, 18, 20, 22, 24, 26, 28, 30, 32, 23], 50)
([49, 31, 0, 5, 2, 51, 43, 4, 9, 6, 11, 45, 47, 49, 7, 7, 31, 8, 9, 27], [49, 31, 0, 5, 2, 4, 6, 8, 3, 10, 12, 14, 16, 18, 20, 22, 24, 26, 28, 30, 32, 34, 27], 49)
([0, 39, 2, 15, 23, 5, 21, 4, 13, 13, 9, 6, 8, 15, 19, 21, 19, 37, 11, 5], [0, 39, 2, 5, 4, 15, 6, 5, 8, 10, 12, 14, 16, 18, 20, 22, 24, 26, 28, 30, 32, 34, 36, 5], 50)
([39, 35, 0, 2, 4, 15, 37, 17, 7, 13, 1, 11, 43, 6, 35, 43, 43, 3, 31, 8], [39, 35, 0, 1, 2, 4, 1, 6, 8, 10, 12, 14, 16, 18, 20, 22, 24, 26, 28, 30, 32, 34], 49)
([45, 45, 15, 0, 25, 29, 45, 17, 2, 11, 35, 4, 5, 1, 6, 8, 35, 43, 17, 33], [45, 45, 15, 0, 3, 2, 4, 6, 17, 8, 10, 12, 14, 16, 18, 20, 22, 24, 26, 28, 30, 32, 33], 50)
([29, 0, 45, 47, 25, 29, 1, 49, 3, 51, 33, 2, 4, 39, 39, 11, 49, 6, 21, 8], [29, 0, 45, 47, 25, 29, 1, 49, 3, 51, 33, 2, 1, 4, 6, 8, 10, 12, 14, 16, 18, 20, 22], 49)
([7, 0, 47, 45, 5, 29, 43, 51, 2, 4, 17, 37, 7, 47, 17, 6, 19, 8, 47, 5], [7, 0, 47, 45, 5, 29, 43, 51, 2, 4, 6, 8, 10, 5, 12, 14, 16, 18, 20, 22, 24, 26, 28, 5], 50)
([21, 0, 2, 37, 23, 13, 45, 4, 13, 49, 11, 23, 5, 17, 39, 13, 6, 29, 8, 21], [21, 0, 3, 2, 4, 6, 8, 10, 12, 14, 16, 18, 20, 22, 24, 26, 28, 30, 32, 34, 36, 38, 21], 48)
([51, 0, 2, 29, 4, 23, 31, 6, 31, 47, 7, 11, 31, 43, 49, 11, 8, 17, 5, 21], [51, 0, 1, 2, 4, 5, 6, 8, 10, 12, 14, 16, 18, 20, 22, 24, 26, 28, 30, 32, 34, 36, 21], 50)
([1, 37, 41, 29, 25, 1, 21, 25, 0, 2, 47, 51, 4, 5, 37, 6, 27, 15, 8, 27], [1, 37, 41, 29, 25, 1, 21, 25, 0, 3, 2, 4, 6, 8, 10, 12, 14, 16, 18, 20, 22, 24, 27], 50)
([33, 0, 21, 31, 2, 31, 13, 29, 21, 4, 45, 35, 27, 6, 45, 17, 8, 11, 23, 17], [33, 0, 21, 31, 2, 31, 13, 29, 21, 4, 45, 35, 27, 6, 8, 10, 12, 17, 14, 16, 18, 17], 50)
([0, 27, 15, 51, 29, 27, 37, 33, 2, 4, 27, 43, 6, 31, 13, 19, 41, 8, 9, 45], [0, 5, 2, 4, 6, 8, 10, 12, 14, 16, 18, 20, 22, 24, 26, 28, 30, 32, 34, 36, 38, 45], 50)
([17, 11, 33, 11, 17, 51, 0, 2, 31, 1, 4, 3, 6, 3, 45, 37, 25, 8, 13, 13], [17, 11, 33, 11, 17, 51, 0, 3, 2, 4, 6, 8, 10, 12, 14, 16, 18, 20, 22, 24, 26, 28, 13], 50)
([37, 3, 41, 13, 9, 27, 11, 15, 0, 11, 2, 4, 21, 23, 15, 6, 27, 19, 8, 21], [37, 3, 41, 13, 9, 27, 11, 15, 0, 11, 2, 5, 4, 6, 8, 10, 12, 14, 16, 18, 20, 22, 24, 21], 50)
([0, 35, 49, 23, 17, 21, 2, 27, 4, 6, 1, 7, 25, 31, 8, 43, 9, 11, 5, 19], [0, 35, 49, 23, 17, 21, 2, 27, 4, 1, 6, 8, 10, 12, 14, 16, 18, 20, 22, 24, 26, 28, 19], 50)
